0
0.0470588
0
0
-0.349751
4.93217
-6.65503
-0.703529
0.142629
-0.696207
-3.4 3.89 -6.5
1 0 0
0
0.002
0 10 0
1 0 0
-90
1
3.26282 3.9 -13.6082
1 0 0
0
0.1
-3.52691 6.80952 -11.1233
0.74 0.86 0.88
4.01041 6.1574 -13.6245
7 3.5 0.865
-2.76 0.5 -1.62
0.7 0.995 0.845
2.76 1.28 -0.78
0.835 0.7 0.96
3.789 6.99026 -6.75945
0.58 0.81 0.86
4.55947 6.78568 -8.9759
2 1 4
5.10356 6.58463 -10.6777
0.575 0.755 0.975
0.995158 5.14337 -6.3124
0.65 1 11
1.33251 6.6241 -6.59459
0.85 7.145 -13.5
4.03707 5.91974 -8.1436
3 2 5
-1.50325 4.83371 -6.57233
3 1.5 0.93
4.73087 7.84532 -11.4879
0.635 0.96 0.66
-1.51879 9.93532 -15.8795
0.73 0.72 0.865
0.646516 7.11121 -14.1774
0.865 0.625 0.595
-0.274273 7.32614 -9.69862
10 0 5
-3.8 5 -6.4
3 1.6 1.8
-3.18512 7.04937 -10.1704
15 1 1
-2.5 7 -11
22 1 22
-3.579 4.58 -13.268
0.82 0.83 0.615
-3.579 4.58 -12.768
0.815 0.885 0.545
0.15 15 0
1 0.7 0.5
-3.579 10 -12.268
11 2 3
-3.6 6.26 -11
1 5 10
3.70305 5.73983 -11.6618
1 4 2
0.914747 8.30131 -13.407
20 8 0
-2.19354 9.00254 -13.4255
1 10 22
-2.96917 5.7612 -6.53089
1.2 5 1.05
-1.24829 6.99909 -6.06238
0.95 0.58 0.9
0.15 15 0
1 0.7 0.5
